5 0.539064683667078 0.9208781208698443 0.5390129975391192 0.8958862718222271 0.35996548730954114 0.8962565634523825 0.3600171734375 0.9212484124999998
3 0.6122485152687063 0.8543246421850237 0.5402040437500002 0.8507595062500002 0.539466448092176 0.8656648816216356 0.6115109196108821 0.869230017556659
3 0.42752457694925994 0.8624948422808447 0.42552752313059 0.8477429635588376 0.33336299149383003 0.8602198509654926 0.33536004531249997 0.8749717296874998
0 0.40152898713987445 0.8515727314246677 0.3994212327218419 0.8353650428419102 0.3362111768319674 0.8435852942297426 0.3383189312499999 0.8597929828125002
1 0.46012512499999997 0.7660562453124999 0.4586396982950003 0.7474672383362432 0.282316058803847 0.7615570626693795 0.28380148550884676 0.7801460696456363
6 0.3312604082773357 0.7923006849653998 0.33042862031250003 0.77531158125 0.28397580130822 0.777585915224748 0.28480758927305566 0.7945750189401478
2 0.599450594367003 0.6508332756813779 0.5991913484375001 0.62752366875 0.4648302413130853 0.6290180127004601 0.46508948724258825 0.6523276196318382
3 0.4097290375000001 0.3153419531250001 0.31474233742555446 0.3130960015635798 0.31437144154780616 0.32878208139882265 0.4093581416222517 0.33102803296024297
3 0.5833603253739689 0.32217943719159614 0.5825246482124191 0.30385219781704365 0.5117003822134503 0.3070816106254474 0.512536059375 0.32540884999999997
5 0.5161008221215535 0.3767659025403598 0.5155159828125 0.3550502890625 0.34197231550657603 0.3597241224120057 0.3425571548156294 0.38143973588986546
0 0.37769500781250004 0.30136014531250005 0.3168696025836194 0.3002185656306007 0.31660675781250003 0.31422340468750004 0.3774321630413807 0.3153649843693994
1 0.4320796234374999 0.23525523749999996 0.4320253165528004 0.21803815118312117 0.25472052749030044 0.21859741368312116 0.254774834375 0.23581449999999995
6 0.3128818671875 0.2331288765625 0.2607333890625 0.2331288765625 0.2607333890625 0.2527034515625 0.3128818671875 0.2527034515625
2 0.5758673055535956 0.10748898145193131 0.573624253125 0.08760823749999999 0.4424999975714045 0.10240238104806869 0.44474305000000003 0.122283125