5 0.539064683667078 0.07912187913015553 0.3600171734375 0.07875158750000003 0.35996548730954114 0.1037434365476175 0.5390129975391191 0.10411372817777301
3 0.6122485152687062 0.1456753578149767 0.611510919610882 0.13076998244334123 0.5394664480921759 0.13433511837836454 0.54020404375 0.14924049374999998
3 0.42752457694926005 0.13750515771915528 0.3353600453125 0.12502827031250002 0.3333629914938301 0.1397801490345074 0.42552752313059017 0.15225703644116262
0 0.4015289871398745 0.14842726857533237 0.33831893125 0.14020701718750003 0.3362111768319675 0.15641470577025757 0.39942123272184193 0.1646349571580899
1 0.46012512499999997 0.23394375468750006 0.28380148550884676 0.2198539303543637 0.282316058803847 0.23844293733062055 0.4586396982950003 0.2525327616637569
6 0.3312604082773357 0.2076993150346002 0.2848075892730558 0.20542498105985238 0.28397580130822014 0.22241408477525226 0.3304286203125001 0.2246884187500001
2 0.599450594367003 0.34916672431862217 0.46508948724258825 0.34767238036816217 0.4648302413130854 0.37098198729954 0.5991913484375002 0.37247633125000007
3 0.4097290375000001 0.684658046875 0.4093581416222518 0.6689719670397571 0.31437144154780616 0.6712179186011775 0.31474233742555446 0.6869039984364204
3 0.583360325373969 0.6778205628084039 0.5125360593750001 0.6745911500000001 0.5117003822134503 0.6929183893745525 0.5825246482124192 0.6961478021829564
5 0.5161008221215535 0.6232340974596403 0.3425571548156295 0.6185602641101346 0.34197231550657603 0.6402758775879944 0.5155159828125001 0.6449497109375001
0 0.3776950078125 0.6986398546875 0.3774321630413806 0.6846350156306007 0.3166067578125 0.6857765953125 0.31686960258361935 0.6997814343693993
1 0.43207962343750006 0.7647447625 0.25477483437500015 0.7641855 0.25472052749030055 0.7814025863168788 0.4320253165528006 0.7819618488168788
6 0.3128818671875001 0.7472965484375 0.2607333890625001 0.7472965484375 0.2607333890625001 0.7668711234375001 0.3128818671875001 0.7668711234375001
2 0.5758673055535957 0.8925110185480689 0.4447430500000002 0.8777168750000002 0.4424999975714046 0.8975976189519315 0.5736242531250001 0.9123917625000002