3 0.6120926762337059 0.14569967074119225 0.6115199109375 0.13095167968750002 0.5055682357478182 0.13506650742251744 0.5061410010440242 0.1498144984762097
3 0.42738830730464095 0.13746900164349113 0.2865759546875 0.11980475000000002 0.2843154869549914 0.13782429511596633 0.42512783957213235 0.15548854675945747
0 0.4011943012089132 0.14837845887546175 0.2863661054255928 0.13590952700979986 0.2845289828125 0.15282785468750001 0.3993571785958204 0.1652967865531619
1 0.46012512499999997 0.23394375468750006 0.28380148550884676 0.2198539303543637 0.282316058803847 0.23844293733062055 0.4586396982950003 0.2525327616637569
6 0.3685799532589181 0.21205323911015567 0.2850595203125 0.205437315625 0.2839108795535818 0.21993793276484436 0.36743131249999994 0.22655385625000002
2 0.5996760775429422 0.34918348368534163 0.27941155468750006 0.34251871093749997 0.27892682558205795 0.36581155850215835 0.5991913484375 0.37247633125
3 0.4097290375 0.6846580468750001 0.40952145606299056 0.668981446328776 0.2648751748129906 0.670896777578776 0.26508275625000005 0.6865733781250001
3 0.5834565668696764 0.6791145905226219 0.48095071752860585 0.6734564084512266 0.4800147218750001 0.6904132734374999 0.5825205712160707 0.6960714555088953
0 0.37769500781250004 0.6986398546875001 0.37756641405541813 0.6847984070250371 0.2691767 0.6858054000000001 0.2693052937570819 0.6996468476624631
1 0.43207962343750006 0.7647447625 0.25477483437500015 0.7641855 0.25472052749030055 0.7814025863168788 0.4320253165528006 0.7819618488168788
6 0.3551494843750001 0.7495476703125 0.2607333890625001 0.7472965484375 0.26028206430889456 0.7662259193554184 0.35469815962139456 0.7684770412304184
2 0.5758673055535957 0.8925110185480689 0.4447430500000002 0.8777168750000002 0.4424999975714046 0.8975976189519315 0.5736242531250001 0.9123917625000002